arm: 

 joint_names: [ iiwa_joint_1,  iiwa_joint_2,  iiwa_joint_3,  iiwa_joint_4,  iiwa_joint_5, iiwa_joint_6,  iiwa_joint_7]
 base_link: "iiwa_link_0"
 tip_link: "iiwa_link_7"
 ik_number_attemps: 10
 ik_attemp_timeout: 100
 leave_pose: [0.57, 0.1, 0.0 , 0.0, 3.1415 , 0.0]
 safety_pose_container: [-1.9835, -0.3587, 0.5737, -1.8, 0.21, 1.33, 0.0]
 safety_pose_leave: [-0.33055860724527175, 0.39942019521563665, 0.4643698162950187, -1.9971647045316114, -0.08160931721733622, 0.4978861911187771, -0.3308260004189689]
 gripper_tool: [0,0,0,0,0,0]
 vacuum_tool: [0,0,0.2,0,0,0]


